0000 0000 0000 0000 0000 0000 0000 0101
0000 0000 0000 0000 0000 0000 0100 0000
0000 0000 0000 0000 0000 0000 1000 0000
0000 0000 0000 0000 0000 0011 1110 1000
0000 0000 0000 0000 0010 0111 0001 0000
0000 0000 0000 0001 1000 0110 1010 0000
0000 0000 0000 1111 0100 0010 0100 0000
0000 0000 1001 1000 1001 0110 1000 0000
0000 0101 1111 0101 1110 0001 0000 0000

5 = 3647902716ns
64 = 130303ns
128 = 112545ns
1000 = 136394ns
10000 = 175951ns
100000 = 220819ns
1000000 = 244494ns
10000000 = 289200ns
100000000 = 332611ns

